0x0000000805E15400  00 00 00 00 00 00 00 00 00 00 00 00 00 00 00 00  ................
0x0000000805E15410  00 00 00 00 00 00 00 00 00 00 00 00 00 00 00 00  ................
0x0000000805E15420  00 00 00 00 00 00 00 00 00 00 00 00 00 00 00 00  ................
0x0000000805E15430  00 00 00 00 00 00 00 00 00 00 00 00 00 00 00 00  ................
0x0000000805E15440  00 00 00 00 00 00 00 00 00 00 00 00 00 00 00 00  ................
0x0000000805E15450  00 00 00 00 00 00 00 00 00 00 00 00 00 00 00 00  ................
0x0000000805E15460  00 00 00 00 00 00 00 00 00 00 00 00 00 00 00 00  ................
0x0000000805E15470  00 00 00 00 00 00 00 00 00 00 00 00 00 00 00 00  ................
0x0000000805E15480  00 00 00 00 00 00 00 00 00 00 00 00 00 00 00 00  ................
0x0000000805E15490  00 00 00 00 00 00 00 00 00 00 00 00 00 00 00 00  ................
0x0000000805E154A0  00 00 00 00 00 00 00 00 00 00 00 00 00 00 00 00  ................
0x0000000805E154B0  00 00 00 00 00 00 00 00 00 00 00 00 00 00 00 00  ................
0x0000000805E154C0  00 00 00 00 00 00 00 00 00 00 00 00 00 00 00 00  ................
0x0000000805E154D0  00 00 00 00 00 00 00 00 00 00 00 00 00 00 00 00  ................
0x0000000805E154E0  00 00 00 00 00 00 00 00 E8 FE FF FF FF FF FF FF  ................
0x0000000805E154F0  00 00 00 00 00 00 00 00 00 00 00 00 00 00 00 00  ................
0x0000000805E15500  00 00 00 00 00 00 00 00 00 00 00 00 00 00 00 00  ................
0x0000000805E15510  00 00 00 00 00 00 00 00 00 00 00 00 00 00 00 00  ................
0x0000000805E15520  00 00 00 00 00 00 00 00 00 00 00 00 00 00 00 00  ................
0x0000000805E15530  00 00 00 00 00 00 00 00 00 00 00 00 00 00 00 00  ................
0x0000000805E15540  00 00 00 00 00 00 00 00 00 00 00 00 00 00 00 00  ................
0x0000000805E15550  00 00 00 00 00 00 00 00 00 00 00 00 00 00 00 00  ................
0x0000000805E15560  00 00 00 00 00 00 00 00 00 00 00 00 00 00 00 00  ................
0x0000000805E15570  00 00 00 00 00 00 00 00 00 00 00 00 00 00 00 00  ................
0x0000000805E15580  00 00 00 00 00 00 00 00 00 00 00 00 00 00 00 00  ................
0x0000000805E15590  00 00 00 00 00 00 00 00 00 00 00 00 00 00 00 00  ................
0x0000000805E155A0  00 00 00 00 00 00 00 00 00 00 00 00 00 00 00 00  ................
0x0000000805E155B0  00 00 00 00 00 00 00 00 00 00 00 00 00 00 00 00  ................
0x0000000805E155C0  00 00 00 00 00 00 00 00 00 00 00 00 00 00 00 00  ................
0x0000000805E155D0  00 00 00 00 00 00 00 00 00 00 00 00 00 00 00 00  ................
0x0000000805E155E0  00 00 00 00 00 00 00 00 00 00 00 00 00 00 00 00  ................
0x0000000805E155F0  00 00 00 00 00 00 00 00 00 00 00 00 00 00 00 00  ................
0x0000000805E15600  00 00 00 00 00 00 00 00 00 00 00 00 00 00 00 00  ................
0x0000000805E15610  00 00 00 00 00 00 00 00 00 00 00 00 00 00 00 00  ................
0x0000000805E15620  00 00 00 00 00 00 00 00 00 00 00 00 00 00 00 00  ................
0x0000000805E15630  00 00 00 00 00 00 00 00 00 00 00 00 00 00 00 00  ................
0x0000000805E15640  00 00 00 00 00 00 00 00 00 00 00 00 00 00 00 00  ................
0x0000000805E15650  00 00 00 00 00 00 00 00 00 00 00 00 00 00 00 00  ................
0x0000000805E15660  00 00 00 00 00 00 00 00 00 00 00 00 00 00 00 00  ................
0x0000000805E15670  00 00 00 00 00 00 00 00 00 00 00 00 00 00 00 00  ................
0x0000000805E15680  00 00 00 00 00 00 00 00 00 00 00 00 00 00 00 00  ................
0x0000000805E15690  00 00 00 00 00 00 00 00 00 00 00 00 00 00 00 00  ................
0x0000000805E156A0  00 00 00 00 00 00 00 00 00 00 00 00 00 00 00 00  ................
0x0000000805E156B0  00 00 00 00 00 00 00 00 00 00 00 00 00 00 00 00  ................
0x0000000805E156C0  00 00 00 00 00 00 00 00 00 00 00 00 00 00 00 00  ................
0x0000000805E156D0  00 00 00 00 00 00 00 00 00 00 00 00 00 00 00 00  ................
0x0000000805E156E0  00 00 00 00 00 00 00 00 00 00 00 00 00 00 00 00  ................
0x0000000805E156F0  00 00 00 00 00 00 00 00 00 00 00 00 00 00 00 00  ................
0x0000000805E15700  00 00 00 00 00 00 00 00 00 00 00 00 00 00 00 00  ................
0x0000000805E15710  00 00 00 00 00 00 00 00 00 00 00 00 00 00 00 00  ................
0x0000000805E15720  00 00 00 00 00 00 00 00 00 00 00 00 00 00 00 00  ................
0x0000000805E15730  00 00 00 00 00 00 00 00 00 00 00 00 00 00 00 00  ................
0x0000000805E15740  00 00 00 00 00 00 00 00 00 00 00 00 00 00 00 00  ................
0x0000000805E15750  00 00 00 00 00 00 00 00 00 00 00 00 00 00 00 00  ................
0x0000000805E15760  00 00 00 00 00 00 00 00 00 00 00 00 00 00 00 00  ................
0x0000000805E15770  00 00 00 00 00 00 00 00 00 00 00 00 00 00 00 00  ................
0x0000000805E15780  00 00 00 00 00 00 00 00 00 00 00 00 00 00 00 00  ................
0x0000000805E15790  00 00 00 00 00 00 00 00 00 00 00 00 00 00 00 00  ................
0x0000000805E157A0  00 00 00 00 00 00 00 00 00 00 00 00 00 00 00 00  ................
0x0000000805E157B0  00 00 00 00 00 00 00 00 00 00 00 00 00 00 00 00  ................
0x0000000805E157C0  00 00 00 00 00 00 00 00 00 00 00 00 00 00 00 00  ................
0x0000000805E157D0  00 00 00 00 00 00 00 00 00 00 00 00 00 00 00 00  ................
0x0000000805E157E0  00 00 00 00 00 00 00 00 00 00 00 00 00 00 00 00  ................
0x0000000805E157F0  00 00 00 00 00 00 00 00 00 00 00 00 00 00 00 00  ................
0x0000000805E15800  00 00 00 00 00 00 00 00 00 00 00 00 00 00 00 00  ................
0x0000000805E15810  00 00 00 00 00 00 00 00 00 00 00 00 00 00 00 00  ................
0x0000000805E15820  00 00 00 00 00 00 00 00 00 00 00 00 00 00 00 00  ................
0x0000000805E15830  00 00 00 00 00 00 00 00 00 00 00 00 00 00 00 00  ................
0x0000000805E15840  00 00 00 00 00 00 00 00 00 00 00 00 00 00 00 00  ................
0x0000000805E15850  00 00 00 00 00 00 00 00 00 00 00 00 00 00 00 00  ................
0x0000000805E15860  00 00 00 00 00 00 00 00 00 00 00 00 00 00 00 00  ................
0x0000000805E15870  00 00 00 00 00 00 00 00 00 00 00 00 00 00 00 00  ................
0x0000000805E15880  00 00 00 00 00 00 00 00 00 00 00 00 00 00 00 00  ................
0x0000000805E15890  00 00 00 00 00 00 00 00 00 00 00 00 00 00 00 00  ................
0x0000000805E158A0  00 00 00 00 00 00 00 00 00 00 00 00 00 00 00 00  ................
0x0000000805E158B0  00 00 00 00 00 00 00 00 00 00 00 00 00 00 00 00  ................
0x0000000805E158C0  00 00 00 00 00 00 00 00 00 00 00 00 00 00 00 00  ................
0x0000000805E158D0  00 00 00 00 00 00 00 00 00 00 00 00 00 00 00 00  ................
0x0000000805E158E0  00 00 00 00 00 00 00 00 00 00 00 00 00 00 00 00  ................
0x0000000805E158F0  00 00 00 00 00 00 00 00 00 00 00 00 00 00 00 00  ................

